proj:       99
zone:       0
north:      -1140550
south:      -1161472.46699905
east:       -374354.52354431
west:       -415031.55236435
cols:       4068
rows:       2092
e-w resol:  9.99926962
n-s resol:  10.00117925
format:     1
compressed: 2
