n=396
null_cells=465
cells=861
min=5.329703
max=10.655147
range=5.325444
mean=9.30145881565657
mean_of_abs=9.30145881565657
stddev=0.869264085212882
variance=0.755620049840989
coeff_var=9.34545970089879
sum=3683.377691
