n=5517048
null_cells=2993208
cells=8510256
min=0.094119
max=0.58954
range=0.495421
mean=0.395379530086424
mean_of_abs=0.395379530086424
stddev=0.0848804229403165
variance=0.00720468619852702
coeff_var=21.4680873645034
sum=2181327.84570425
