n=562
null_cells=299
cells=861
min=0
max=10089.4501953125
range=10089.4501953125
mean=1648.10555074563
mean_of_abs=1648.10555074563
stddev=1767.14329814241
variance=3122795.43616964
coeff_var=107.222701685758
sum=926235.319519043
