n=562
null_cells=299
cells=861
min=1
max=251.466934204102
range=250.466934204102
mean=9.21328763966034
mean_of_abs=9.21328763966034
stddev=24.3808931614262
variance=594.427951348877
coeff_var=264.627504480312
sum=5177.86765348911
