n=562
null_cells=299
cells=861
min=-0.437000304460526
max=18.2061195373535
range=18.643119841814
mean=4.76127928896455
mean_of_abs=4.76603340550295
stddev=3.76314750261315
variance=14.1612791264236
coeff_var=79.0364789424385
sum=2675.83896039808
