n=562
null_cells=299
cells=861
min=576.128234863281
max=1466.60241699219
range=890.474182128906
mean=781.485371002523
mean_of_abs=781.485371002523
stddev=139.362368242586
variance=19421.8696821821
coeff_var=17.8330104968959
sum=439194.778503418
