n=562
null_cells=299
cells=861
min=-0.360279619693756
max=360
range=360.360279619694
mean=190.358311644677
mean_of_abs=190.365679415071
stddev=117.37074426452
variance=13775.8916092073
coeff_var=61.6577985224016
sum=106981.371144308
