n=562
null_cells=299
cells=861
min=-0.000614902819506824
max=0.000700684264302254
range=0.00131558708380908
mean=5.16439186743902e-06
mean_of_abs=0.000114609072395421
stddev=0.000161795710348225
variance=2.61778518870866e-08
coeff_var=3132.90924664975
sum=0.00290238822950073
