n=5517705
null_cells=2992551
cells=8510256
min=1
max=4513884.5
range=4513883.5
mean=2201.44745088568
mean_of_abs=2201.44745088568
stddev=51477.6179354793
variance=2649945148.31119
coeff_var=2338.35324639563
sum=12146937606.9892
