n=5517190
null_cells=2993066
cells=8510256
min=1
max=14
range=13
mean=7.5058210792088
mean_of_abs=7.5058210792088
stddev=2.70623555918275
variance=7.32371090178517
coeff_var=36.0551567992881
sum=41411041
