n=5517705
null_cells=2992551
cells=8510256
min=0
max=4498.63671875
range=4498.63671875
mean=513.223955223516
mean_of_abs=513.223955223516
stddev=429.285778513479
variance=184286.279633923
coeff_var=83.6449222886564
sum=2831818383.85657
