n=5517704
null_cells=2992552
cells=8510256
min=-0.188864380121231
max=0.133862406015396
range=0.322726786136627
mean=-1.65134297846377e-006
mean_of_abs=0.001414164107576
stddev=0.00245460406419814
variance=6.02508111197804e-006
coeff_var=-148642.898308238
sum=-9.11162175764148
