n=5517557
null_cells=2992699
cells=8510256
min=1
max=7
range=6
mean=4.46165993391641
mean_of_abs=4.46165993391641
stddev=1.05196883873485
variance=1.10663843766914
coeff_var=23.5779699554878
sum=24617463
