n=5517705
null_cells=2992551
cells=8510256
min=573.541809082031
max=1555.84252929688
range=982.300720214844
mean=781.035902479102
mean_of_abs=781.035902479102
stddev=139.449314349763
variance=19446.111272619
coeff_var=17.8544051441341
sum=4309525704.28845
