n=5517705
null_cells=2992551
cells=8510256
min=-0.633318364620209
max=81.2810821533203
range=81.9144005179405
mean=9.08445568156171
mean_of_abs=9.08451931866677
stddev=6.5397654217575
variance=42.7685317716151
coeff_var=71.9885224937687
sum=50125346.5364314
