n=5517705
null_cells=2992551
cells=8510256
min=-0.540324330329895
max=360
range=360.54032433033
mean=186.032248319824
mean_of_abs=186.032312852461
stddev=107.680629175131
variance=11595.1178995521
coeff_var=57.8827757809004
sum=1026471066.71553
