proj:       99
zone:       0
north:      -1140550
south:      -1161472.46699905
east:       -374354.52354431
west:       -415031.55236435
cols:       41
rows:       21
e-w resol:  992.12265415
n-s resol:  996.30795234
format:     0
compressed: 2
